{"building_type":"Tiny Home","furniture":{"f-1651":{"colors":[[0.9254902005195618,0.6039215922355652,0.20392157137393952],[0.48627451062202456,0.3607843220233917,0.27450981736183169]],"scale":0.28,"cframe":[35.31757354736328,1.6530760526657105,-11.266603469848633,0.7069360613822937,0,0.7072774767875671,0,1,0,-0.7072774767875671,0,0.7069360613822937],"id":"smallchair"},"f-760":{"colors":[[0.5333333611488342,0.6627451181411743,0.3137255012989044]],"scale":0.15,"cframe":[8.926497459411621,3.006103992462158,-29.378101348876954,-0.9336504936218262,0,0.3581855297088623,0,1,0,-0.3581855297088623,0,-0.9336504936218262],"id":"biodome_2022_long_grass"},"f-1535":{"colors":[[0.4901960790157318,0.7764706015586853,0.43921568989753725]],"scale":0.34,"cframe":[6.659049034118652,10.678010940551758,-32.31052017211914,-0.7065461874008179,0.0004424154758453369,-0.7076668739318848,-0.7076669931411743,-0.0002702474594116211,0.7065461277961731,0.0001214146614074707,0.9999999403953552,0.0005038976669311523],"id":"medium_disk"},"f-898":{"colors":[[1,1,1]],"scale":0.53,"cframe":[19.234722137451173,5.296961784362793,-29.33636474609375,0.5066481232643127,-0.0663892924785614,0.8595931529998779,0.06262703239917755,0.9972308278083801,0.04010685905814171,-0.8598754405975342,0.033513691276311877,0.509402871131897],"id":"torus_v3_plain"},"f-1027":{"colors":[[0.5215686559677124,0.8156862854957581,0.9215686321258545]],"scale":0.31,"cframe":[2.8031868934631349,10.162833213806153,-5.851075172424316,0.5279802680015564,0.00005856156349182129,0.8492566347122192,-0.8492566347122192,-0.00014591217041015625,0.5279802680015564,0.00015488266944885254,-0.9999999403953552,-0.000027298927307128907],"id":"brick"},"f-1376":{"colors":[[0.7490196228027344,0.6235294342041016,0.8509804010391235]],"scale":0.43,"cframe":[24.11096954345703,9.385435104370118,-29.992637634277345,0.000012755393981933594,-0.9999999403953552,0.0000016689300537109376,0.9659388661384583,0.000012755393981933594,0.2587701976299286,-0.2587701976299286,-0.0000016689300537109376,0.965938925743103],"id":"medium_disk"},"f-1675":{"colors":[[0.5960784554481506,0.729411780834198,0.9176470637321472]],"scale":0.18,"cframe":[8.916434288024903,2.6858980655670168,-28.091278076171876,0.9847800135612488,0.17338091135025025,0.012139454483985901,0.015951283276081086,-0.020608901977539064,-0.9996604323387146,-0.17307183146476746,0.9846392273902893,-0.023060917854309083],"id":"medium_disk"},"f-758":{"colors":[[0.2549019753932953,0.4156862795352936,0.5215686559677124]],"scale":2.53,"cframe":[32.20699691772461,7.90327787399292,2.484375,1,0,-0,0,0,1,0,-1,0],"id":"smallbottle"},"f-1000":{"colors":[[0,0,0]],"scale":0.05,"cframe":[18.32054328918457,8.043127059936524,-28.57576560974121,-0.7774370908737183,-0.6288789510726929,0.010172456502914429,-0.06989505887031555,0.10245662927627564,0.9922789931297302,-0.6250654458999634,0.7707231640815735,-0.12360930442810059],"id":"brick"},"f-698":{"colors":[[0.7490196228027344,0.6235294342041016,0.8509804010391235]],"scale":0.33,"cframe":[13.785134315490723,7.224400043487549,-32.264122009277347,0.9994547963142395,0.000059485435485839847,-0.033017538487911227,-0.03301753103733063,-0.00009453296661376953,-0.9994547367095947,-0.000062575563788414,1,-0.00009250640869140625],"id":"brick"},"f-1231":{"colors":[[1,0.5960784554481506,0.8627451062202454]],"scale":0.2,"cframe":[0.13475699722766877,1.379194974899292,-19.287580490112306,0.00001537799835205078,1,0.00000858306884765625,0.5276243686676025,-0.00001537799835205078,0.8494777679443359,0.8494777679443359,-0.00000858306884765625,-0.5276243686676025],"id":"medium_disk"},"f-1399":{"colors":[[0.7803921699523926,0.8901960849761963,0.929411768913269]],"scale":0.06,"cframe":[0.20117199420928956,5.899901866912842,-21.200000762939454,0,1,-0,-1,0,0,0,0,1],"id":"plainmound_v3"},"f-1540":{"colors":[[0.5215686559677124,0.8156862854957581,0.9215686321258545]],"scale":0.27,"cframe":[40.76505661010742,10.059688568115235,-9.035391807556153,0.00007146596908569336,-1,0.0000633634626865387,0.9979500770568848,0.00007539987564086914,0.06399695575237274,-0.06399697065353394,0.00005865469574928284,0.9979500770568848],"id":"brick"},"f-1131":{"colors":[[0,0,0]],"scale":0.2,"cframe":[17.675004959106447,0.43554699420928957,-11.017358779907227,-0.000010013580322265625,0.3420065641403198,0.9396976232528687,1,0.000010013580322265625,0.0000070035457611083988,-0.0000070035457611083988,0.9396976232528687,-0.3420065641403198],"id":"beam_v1_plain"},"f-1547":{"colors":[[0.9254902005195618,0.6039215922355652,0.20392157137393952],[0.48627451062202456,0.3607843220233917,0.27450981736183169]],"scale":0.28,"cframe":[36.93353271484375,1.655606985092163,-7.317358016967773,-0.7072663307189941,0,0.7069471478462219,0,1,0,-0.7069471478462219,0,-0.7072663307189941],"id":"smallchair"},"f-888":{"colors":[[0.7490196228027344,0.6235294342041016,0.8509804010391235]],"scale":0.46,"cframe":[20.15839385986328,10.81369400024414,-5.6139140129089359,0.9653950929641724,-0.000026464462280273439,0.26079168915748598,-0.26079168915748598,-0.00019943714141845703,0.9653950929641724,0.000026464462280273439,-1,-0.00019943714141845703],"id":"brick"},"f-1044":{"colors":[[0,0,0]],"scale":0.48,"cframe":[15.18017578125,0.9103590250015259,-11.539063453674317,0.8987860679626465,-0.43838751316070559,0.0000130385160446167,0.03827790915966034,0.07850730419158936,0.9961784482002258,-0.43671315908432009,-0.8953508734703064,0.0873417854309082],"id":"ropes_horizontalstring_v1"},"f-1189":{"colors":[[0.7803921699523926,0.8901960849761963,0.929411768913269]],"scale":0.27,"cframe":[7.787108898162842,12.582275390625,-26.261999130249025,0.8660072684288025,0,-0.5000314116477966,0,-1.000000238418579,-0,-0.5000314116477966,0,-0.8660074472427368],"id":"mound"},"f-1297":{"colors":[[0.9019607901573181,0.658823549747467,0.6941176652908325]],"scale":0.11,"cframe":[40.35188293457031,10.044658660888672,-8.225188255310059,-0.0005469322204589844,-1,0.00015553832054138184,-0.6631019115447998,0.0002459883689880371,-0.7485292553901672,0.7485290765762329,-0.0005124211311340332,-0.6631021499633789],"id":"torus_v3_plain"},"f-1360":{"colors":[[0.8470588326454163,0.729411780834198,0.9411764740943909]],"scale":0.26,"cframe":[23.79150390625,9.398072242736817,-22.42470359802246,-0.00011014938354492188,-0.9999997615814209,-0.0005488991737365723,-0.7082271575927734,-0.0003095865249633789,0.7059845328330994,-0.7059845924377441,0.00046646595001220703,-0.7082270383834839],"id":"medium_disk"},"f-1724":{"colors":[[0.7803921699523926,0.8901960849761963,0.929411768913269]],"scale":0.12,"cframe":[0.171875,5.800048828125,-27.700000762939454,0,1,-0,-1,0,0,0,0,1],"id":"plainmound_v3"},"f-899":{"colors":[[0.8392156958580017,0.7215686440467835,0.9333333373069763]],"scale":0.29,"cframe":[23.880773544311525,3.9376370906829836,-26.966156005859376,-0.0001220703125,-0.9999999403953552,-7.45421857573092e-9,0.9999999403953552,-0.0001220703125,0.00012207776308059692,-0.00012207776308059692,7.45421857573092e-9,1],"id":"brick"},"f-1674":{"colors":[[0.2549019753932953,0.4156862795352936,0.5215686559677124]],"scale":2.53,"cframe":[29.296998977661134,2.595947027206421,-19.44921875,-1,0,0,0,0,1,0,1,-0],"id":"smallbottle"},"f-787":{"colors":[[0.5843137502670288,0.16862745583057404,0.13725490868091584]],"scale":0.16,"cframe":[32.685630798339847,3.249268054962158,-3.576447010040283,0.5878103375434876,0.8089987635612488,0.00002804398536682129,-0.0000807046890258789,0.000024020671844482423,1,0.808998703956604,-0.5878102779388428,0.00007939338684082031],"id":"beam_v3_plain"},"f-1859":{"colors":[[0.9019607901573181,0.658823549747467,0.6941176652908325]],"scale":0.32,"cframe":[17.999908447265626,8.699589729309082,-32.259864807128909,-0.8668601512908936,0.0005992501974105835,0.4985511302947998,0.4985511302947998,-0.00012171268463134766,0.8668603301048279,0.0005801618099212647,0.9999998211860657,-0.0001932382583618164],"id":"medium_disk"},"f-1381":{"colors":[[0.7490196228027344,0.6235294342041016,0.8509804010391235]],"scale":0.27,"cframe":[13.28981876373291,6.979306221008301,-32.15412902832031,-0.002074003219604492,0.0025925040245056154,0.9999945163726807,0.9999977946281433,-0.0002536773681640625,0.0020746588706970217,0.00025907158851623535,0.9999966025352478,-0.0025919675827026369],"id":"brick"},"f-1172":{"colors":[[0.7490196228027344,0.6235294342041016,0.8509804010391235]],"scale":0.33,"cframe":[40.949100494384769,7.853456974029541,-3.845125913619995,0.0003217458724975586,-0.9999999403953552,0.00010538101196289063,-0.5588893294334412,-0.00009238719940185547,0.8292422294616699,-0.8292421698570252,-0.00032573938369750977,-0.5588893890380859],"id":"brick"},"f-1266":{"colors":[[0.9647058844566345,0.9176470637321472,0.49803921580314639]],"scale":0.3,"cframe":[11.381591796875,0.34688299894332888,-13.31103515625,1,0,0,0,1,0,0,0,1],"id":"medium_disk"},"f-1292":{"colors":[[0.9333333373069763,0.8588235378265381,0.6941176652908325]],"scale":0.24,"cframe":[18.53733253479004,0.42163100838661196,-8.762939453125,-0.5231647491455078,0,-0.852232038974762,0,1,0,0.852232038974762,0,-0.5231647491455078],"id":"mound"},"f-1586":{"colors":[[0.7490196228027344,0.6235294342041016,0.8509804010391235]],"scale":0.34,"cframe":[13.878629684448243,6.22096586227417,-32.22394943237305,0.9994547367095947,0.00018463656306266785,-0.03301752358675003,-0.03301754221320152,0.00009047985076904297,-0.9994547367095947,-0.00018154829740524292,1,0.00009655952453613281],"id":"brick"},"f-740":{"colors":[[0.4901960790157318,0.7764706015586853,0.43921568989753725]],"scale":0.37,"cframe":[3.65803599357605,9.910446166992188,-5.734862804412842,0.8986496925354004,-0.000013679265975952149,-0.4386669397354126,0.4386669397354126,0.00005924701690673828,0.8986496925354004,0.000013679265975952149,-1,0.00005924701690673828],"id":"brick"},"f-1735":{"colors":[[0.7803921699523926,0.8901960849761963,0.929411768913269]],"scale":0.12,"cframe":[0.171875,6,-20.700000762939454,-0.000004172325134277344,1,0.0000024139881134033205,-0.50018310546875,-0.000004172325134277344,0.8659197092056274,0.8659197092056274,0.0000024139881134033205,0.50018310546875],"id":"mound"},"f-1828":{"colors":[[0.4901960790157318,0.7764706015586853,0.43921568989753725]],"scale":0.4,"cframe":[41.02983856201172,6.673956871032715,-12.350817680358887,0.0002764463424682617,-0.9999998807907105,-0.00012576580047607422,0.5283360481262207,0.00003933906555175781,0.8490353226661682,-0.8490352630615234,-0.00030112266540527344,0.5283360481262207],"id":"brick"},"f-1747":{"colors":[[0.5215686559677124,0.8156862854957581,0.9215686321258545]],"scale":0.29,"cframe":[8.141297340393067,9.142928123474121,-32.20856475830078,-0.864678144454956,0.0001240074634552002,-0.5023263692855835,-0.5023263692855835,-0.0002257823944091797,0.8646780252456665,-0.000006139278411865234,1,0.0002574324607849121],"id":"brick"},"f-1276":{"colors":[[0.5529412031173706,0.49803921580314639,0.3921568691730499]],"scale":0.73,"cframe":[24.57421875,2.9413609504699709,-15.3173828125,1,0,0,0,1,0,0,0,1],"id":"door_cutout_rounded_plain"},"f-1761":{"colors":[[0.7803921699523926,0.8901960849761963,0.929411768913269]],"scale":0.17,"cframe":[16.7001953125,0.47802698612213137,-21.299999237060548,1,0,0,0,1,0,0,0,1],"id":"plainmound_v3"},"f-1072":{"colors":[[0.7490196228027344,0.6235294342041016,0.8509804010391235]],"scale":0.28,"cframe":[40.871952056884769,8.744190216064454,-3.0195460319519045,-0.00031304359436035156,-0.9999998807907105,-0.00037530064582824707,0.2594637870788574,0.00028121471405029297,-0.9657528400421143,0.9657528400421143,-0.00039970874786376953,0.25946366786956789],"id":"medium_disk"},"f-1160":{"colors":[[0.7803921699523926,0.8901960849761963,0.929411768913269]],"scale":0.2,"cframe":[21.2001953125,0.46337899565696719,-18.799999237060548,1,0,0,0,1,0,0,0,1],"id":"plainmound_v3"},"f-1129":{"colors":[[0.3843137323856354,0.4901960790157318,0.40784314274787905]],"scale":0.49,"cframe":[4.808104991912842,-0.17163099348545075,-33.2749137878418,1,0,0,0,1,0,0,0,1],"id":"floor_double_wood"},"f-1318":{"colors":[[0.529411792755127,0.6352941393852234,0.7019608020782471]],"scale":0.33,"cframe":[32.099998474121097,4.896006107330322,-16.2236328125,1,0,0,0,0,-1,0,1,0],"id":"torus_v3_plain"},"f-1412":{"colors":[[0.7803921699523926,0.8901960849761963,0.929411768913269]],"scale":0.18,"cframe":[11.899741172790528,12.51513671875,-9.999258995056153,-0.4573373794555664,-0.005940903909504414,-0.8892733454704285,0.02338482439517975,-0.9997121095657349,-0.005347696132957935,-0.8889856934547424,-0.023241203278303148,0.45734483003616335],"id":"mound"},"f-1336":{"colors":[[0.9019607901573181,0.658823549747467,0.6941176652908325]],"scale":0.36,"cframe":[40.922611236572269,10.35816478729248,-8.19619369506836,0.0002180337905883789,-1,2.682209014892578e-7,0.8446146249771118,0.00018399953842163086,-0.5353747010231018,0.5353747606277466,0.0001169443130493164,0.8446146249771118],"id":"brick"},"f-1124":{"colors":[[0.7803921699523926,0.8901960849761963,0.929411768913269]],"scale":0.12,"cframe":[7.900000095367432,0.5031740069389343,-21.60009765625,1,0,0,0,1,0,0,0,1],"id":"plainmound_v3"},"f-1331":{"colors":[[0.8470588326454163,0.729411780834198,0.9411764740943909]],"scale":0.34,"cframe":[23.9208984375,10.08779239654541,-16.59836769104004,0.00008159875869750977,-0.9999998807907105,0.00042694807052612305,0.35572850704193118,0.0004280209541320801,0.9345892667770386,-0.9345893263816834,0.00007560849189758301,0.35572850704193118],"id":"brick"},"f-960":{"colors":[[0.5960784554481506,0.6470588445663452,0.40784314274787905]],"scale":0.08,"cframe":[10.2001953125,0.5231930017471314,-27.899999618530275,1,0,0,0,1,0,0,0,1],"id":"plainmound_v3"},"f-699":{"colors":[[0.9647058844566345,0.7921568751335144,0.8156862854957581]],"scale":0.24,"cframe":[22,0.44335898756980898,-21.60009765625,-1,0,0,0,1,0,0,0,-1],"id":"bevelled_block_plain"},"f-958":{"colors":[[0.3843137323856354,0.4901960790157318,0.40784314274787905]],"scale":0.73,"cframe":[14,7.3539018630981449,-1.9697270393371583,1,0,-0,0,0,1,0,-1,0],"id":"large_disk"},"f-868":{"colors":[[0.7803921699523926,0.8901960849761963,0.929411768913269]],"scale":0.27,"cframe":[19.7998046875,0.4284670054912567,-19.299999237060548,-0.9659750461578369,0,-0.2586366534233093,0,1,0,0.2586366534233093,0,-0.9659750461578369],"id":"mound"},"f-1122":{"colors":[[0.4470588266849518,0.7450980544090271,0.8509804010391235]],"scale":0.62,"cframe":[6.754356861114502,3.9341089725494386,-32.162010192871097,-0.03481650352478027,0.37454953789711,-0.9265530109405518,-0.0001805722713470459,-0.9271174669265747,-0.3747709095478058,-0.9993937015533447,-0.012880891561508179,0.03234654664993286],"id":"brick"},"f-876":{"colors":[[0.9450980424880981,0.9058823585510254,0.5529412031173706]],"scale":1.13,"cframe":[-0.5617679953575134,5.759521007537842,-11.2001953125,0,1,0,0,0,-1,-1,0,0],"id":"basicrug"},"f-1374":{"colors":[[0.7490196228027344,0.6235294342041016,0.8509804010391235]],"scale":0.35,"cframe":[23.994140625,10.906987190246582,-8.851958274841309,0.00028759241104125977,-0.9999999403953552,-0.0002660900354385376,0.8674580454826355,0.00038182735443115234,-0.49751022458076479,0.49751031398773196,-0.0000877678394317627,0.8674581050872803],"id":"brick"},"f-1055":{"colors":[[0.5215686559677124,0.8156862854957581,0.9215686321258545]],"scale":0.41,"cframe":[41.00786590576172,7.398861885070801,-11.529532432556153,0.0002429485321044922,-0.9999999403953552,-0.0001828275853767991,0.999997079372406,0.00024247169494628906,0.0023805368691682817,-0.0023804921656847,-0.00018340535461902618,0.9999971389770508],"id":"brick"},"f-1785":{"colors":[[0.9450980424880981,0.9058823585510254,0.5529412031173706]],"scale":1.13,"cframe":[5.241209030151367,13.2431640625,-20.889995574951173,0,0,-1,0,-1,-0,-1,0,-0],"id":"basicrug"},"f-1423":{"colors":[[0.7490196228027344,0.6235294342041016,0.8509804010391235]],"scale":0.33,"cframe":[23.90033531188965,6.916872024536133,-21.468286514282228,-0.0001785755157470703,-0.9999999403953552,0.00007049739360809326,-0.9945080876350403,0.0001850128173828125,0.10465975850820542,-0.10465976595878601,-0.00005141645669937134,-0.9945080280303955],"id":"brick"},"f-946":{"colors":[[0.7490196228027344,0.6235294342041016,0.8509804010391235]],"scale":0.28,"cframe":[12.911298751831055,5.920030117034912,-32.158477783203128,0.25805163383483889,-0.00028258562088012695,0.9661310911178589,0.9661310911178589,-0.00013303756713867188,-0.25805169343948367,0.000201493501663208,0.9999999403953552,0.00023865699768066406],"id":"medium_disk"},"f-1505":{"colors":[[1,0.5960784554481506,0.8627451062202454]],"scale":0.2,"cframe":[0.13183599710464478,1.3000489473342896,-19.799999237060548,0.00001537799835205078,1,0.00000858306884765625,0.5276243686676025,-0.00001537799835205078,0.8494777679443359,0.8494777679443359,-0.00000858306884765625,-0.5276243686676025],"id":"medium_disk"},"f-1702":{"colors":[[0.6000000238418579,0.4901960790157318,0.35686275362968447]],"scale":0.89,"cframe":[23.554931640625,6,-32.40283203125,1,0,0,0,0,-1,0,1,0],"id":"trim_v1_bottom_plain"},"f-676":{"colors":[[0.7803921699523926,0.8901960849761963,0.929411768913269]],"scale":0.18,"cframe":[0.14160199463367463,4.899901866912842,-24.600000381469728,-0.00007462501525878906,1,0.00005716085433959961,-0.258869469165802,-0.00007462501525878906,0.965912401676178,0.965912401676178,0.00005716085433959961,0.2588694095611572],"id":"mound"},"f-670":{"colors":[[0.9450980424880981,0.9137254953384399,0.7607843279838562]],"scale":0.05,"cframe":[1.323099970817566,4.1068549156188969,-14.351173400878907,0.019437015056610109,-0,-0.9998111128807068,0,1,-0,0.9998111128807068,0,0.019437015056610109],"id":"sphere_v3_plain"},"f-1801":{"colors":[[0.5529412031173706,0.49803921580314639,0.3921568691730499]],"scale":0.35,"cframe":[22.559682846069337,-0.07299800217151642,-15.470947265625,0,0,1,0,1,-0,-1,0,0],"id":"wall_tall_plain"},"f-1844":{"colors":[[0.364705890417099,0.572549045085907,0.929411768913269]],"scale":0.16,"cframe":[21.873046875,6.294921875,-11.323136329650879,0,-1,0,1,0,-0,0,0,1],"id":"brick"},"f-1280":{"colors":[[0.8470588326454163,0.729411780834198,0.9411764740943909]],"scale":0.26,"cframe":[23.79150390625,11.056760787963868,-24.093326568603517,-0.00011014938354492188,-0.9999997615814209,-0.0005488991737365723,-0.7082271575927734,-0.0003095865249633789,0.7059845328330994,-0.7059845924377441,0.00046646595001220703,-0.7082270383834839],"id":"medium_disk"},"f-1805":{"colors":[[0.5843137502670288,0.16862745583057404,0.13725490868091584]],"scale":0.16,"cframe":[33.5359992980957,3.2495150566101076,-9.865918159484864,1,0,-0,0,0,1,0,-1,0],"id":"beam_v3_plain"},"f-1491":{"colors":[[0.9019607901573181,0.658823549747467,0.6941176652908325]],"scale":0.28,"cframe":[40.78266143798828,9.081480979919434,-7.429562091827393,-0.00025010108947753906,-0.9999999403953552,-0.0001645982265472412,0.9479085803031921,-0.00028955936431884766,0.3185424208641052,-0.3185424506664276,-0.00007633864879608154,0.9479085803031921],"id":"medium_disk"},"f-1592":{"colors":[[0.2549019753932953,0.4156862795352936,0.5215686559677124]],"scale":2.53,"cframe":[29.33599853515625,4.303954124450684,-19.449459075927736,-1,0,0,0,0,1,0,1,-0],"id":"smallbottle"},"f-1845":{"colors":[[0.5215686559677124,0.8156862854957581,0.9215686321258545]],"scale":0.27,"cframe":[3.5301499366760256,11.66200065612793,-5.913331985473633,-0.7078540325164795,-0.00016051530838012695,0.7063587307929993,-0.7063587307929993,0.00022846460342407227,-0.7078539729118347,-0.00004774332046508789,-0.9999999403953552,-0.0002751350402832031],"id":"medium_disk"},"f-1176":{"colors":[[0.8117647171020508,0.9372549057006836,0.9607843160629273]],"scale":0.13,"cframe":[1.2255860567092896,2.6261990070343019,-27.675153732299806,-0.2588644027709961,0,-0.965913712978363,0,1,0,0.965913712978363,0,-0.2588644027709961],"id":"sphere_v3_glass"},"f-1042":{"colors":[[0.5215686559677124,0.8156862854957581,0.9215686321258545]],"scale":0.25,"cframe":[14.872802734375,0.5575760006904602,-13.76171875,1,0,0,0,1,0,0,0,1],"id":"medium_disk"},"f-1202":{"colors":[[0.7803921699523926,0.8901960849761963,0.929411768913269]],"scale":0.27,"cframe":[9.800000190734864,0.4284670054912567,-23.300048828125,-0.5000457763671875,0,-0.8659989833831787,0,1,0,0.8659989833831787,0,-0.5000457763671875],"id":"mound"},"f-1155":{"colors":[[0.4901960790157318,0.7764706015586853,0.43921568989753725]],"scale":0.38,"cframe":[3.8030190467834474,10.614585876464844,-5.746338844299316,0.5283360481262207,-0.00014695525169372559,0.849035382270813,-0.849035382270813,-0.0002645254135131836,0.5283359885215759,0.00014695525169372559,-0.9999999403953552,-0.0002645254135131836],"id":"brick"},"f-1240":{"colors":[[0.10588235408067703,0.16470588743686677,0.2078431397676468],[0.4156862795352936,0.3490196168422699,0.2705882489681244]],"scale":0.74,"cframe":[36.79999923706055,0.19433599710464478,-7.399901866912842,1,0,0,0,1,0,0,0,1],"id":"barrel"},"f-701":{"colors":[[0.8313725590705872,0.7960784435272217,0.47058823704719546]],"scale":0.25,"cframe":[6.613280773162842,12.69287109375,-21.85394287109375,0,0,1,0,-1,0,1,0,-0],"id":"medium_disk"},"f-1265":{"colors":[[0.9647058844566345,0.9176470637321472,0.49803921580314639]],"scale":0.3,"cframe":[11.61669921875,0.34688299894332888,-15.87548828125,1,0,0,0,1,0,0,0,1],"id":"medium_disk"},"f-948":{"colors":[[0.5215686559677124,0.8156862854957581,0.9215686321258545]],"scale":0.28,"cframe":[20.354583740234376,9.018474578857422,-5.893202781677246,-0.8664505481719971,-0.0002262890338897705,0.4992629289627075,-0.4992629885673523,0.0001373291015625,-0.8664505481719971,0.0001274794340133667,-1,-0.0002321004867553711],"id":"medium_disk"},"f-1234":{"colors":[[0.6000000238418579,0.4901960790157318,0.35686275362968447]],"scale":0.75,"cframe":[41.32164001464844,11.572509765625,-1.4731760025024415,0,-1,0,0,0,1,-1,0,0],"id":"trim_v1_bottom_plain"},"f-849":{"colors":[[0.5568627715110779,0.7098039388656616,0.3686274588108063]],"scale":0.11,"cframe":[6.71999979019165,6.399901866912842,-6.349608898162842,0,0,-1,1,0,0,0,-1,0],"id":"medium_disk"},"f-1630":{"colors":[[0.5215686559677124,0.8156862854957581,0.9215686321258545]],"scale":0.37,"cframe":[7.348495006561279,10.308431625366211,-32.3006706237793,0.5878103375434876,0.0002982616424560547,0.808998703956604,0.808998703956604,0.00008690357208251953,-0.5878103375434876,-0.0002455711364746094,0.9999999403953552,-0.00019025802612304688],"id":"brick"},"f-1732":{"colors":[[0.7490196228027344,0.6235294342041016,0.8509804010391235]],"scale":0.33,"cframe":[19.41569709777832,10.791618347167969,-5.79164981842041,-0.9664783477783203,0.0005757361650466919,0.256747305393219,-0.2567479610443115,-0.00252377986907959,-0.9664750695228577,0.00009153783321380615,-0.9999966025352478,0.002586960792541504],"id":"brick"},"f-1228":{"colors":[[0.7803921699523926,0.8901960849761963,0.929411768913269]],"scale":0.12,"cframe":[20.287109375,12.50732421875,-25.86199951171875,0.49995946884155276,0,-0.8660488128662109,0,-1,-0,-0.8660488128662109,0,-0.49995946884155276],"id":"plainmound_v3"},"f-843":{"colors":[[0.7490196228027344,0.6235294342041016,0.8509804010391235]],"scale":0.27,"cframe":[40.869510650634769,8.596677780151368,-4.2290120124816898,-0.00039255619049072266,-1,0.00027933716773986816,-0.5861461162567139,0.0000035762786865234377,-0.8102055191993713,0.8102054595947266,-0.00048172473907470703,-0.5861461162567139],"id":"brick"},"f-727":{"colors":[[0.5215686559677124,0.8156862854957581,0.9215686321258545]],"scale":0.34,"cframe":[20.410568237304689,10.331802368164063,-5.824779987335205,0.2901889681816101,-0.0003496706485748291,0.9569692611694336,-0.9569693803787231,-0.0002665519714355469,0.29018887877464297,0.00015360116958618164,-0.9999998807907105,-0.0004119873046875],"id":"brick"},"f-844":{"colors":[[0,0,0]],"scale":0.26,"cframe":[13.85302734375,0.46919700503349306,-11.51611328125,1,-0,0,0,0.981621503829956,0.1908382624387741,-0,-0.1908382624387741,0.981621503829956],"id":"brick"},"f-748":{"colors":[[0.5215686559677124,0.8156862854957581,0.9215686321258545]],"scale":0.24,"cframe":[20.16887855529785,9.677680015563965,-32.1047248840332,-0.8670493364334106,0.000593036413192749,0.49822255969047549,0.49822255969047549,-0.00014531612396240234,0.8670493364334106,0.0005865097045898438,1,-0.0001697540283203125],"id":"medium_disk"},"f-1689":{"colors":[[0.9254902005195618,0.7215686440467835,0.2666666805744171]],"scale":0.19,"cframe":[1.0029850006103516,10.50173568725586,-6.088199138641357,0.5276243686676025,0.00000858306884765625,0.8494777679443359,-0.8494777679443359,0.00001537799835205078,0.5276243686676025,-0.00000858306884765625,-1,0.00001537799835205078],"id":"medium_disk"},"f-1041":{"colors":[[0.7490196228027344,0.6235294342041016,0.8509804010391235]],"scale":0.3,"cframe":[21.244646072387697,10.459096908569336,-5.870737075805664,-0.8665136098861694,-0.00023470818996429443,0.4991534352302551,-0.4991534948348999,0.00016885995864868164,-0.8665136098861694,0.00011907517910003662,-1,-0.00026345252990722656],"id":"medium_disk"},"f-1527":{"colors":[[0.5215686559677124,0.8156862854957581,0.9215686321258545]],"scale":0.34,"cframe":[7.50980281829834,9.353898048400879,-32.27756118774414,-0.8492416143417358,0.00010284781455993652,0.5280047655105591,0.5280047655105591,-0.0000845193862915039,0.8492414951324463,0.00013187527656555176,1.0000001192092896,0.00001722574234008789],"id":"brick"},"f-1212":{"colors":[[0.10588235408067703,0.16470588743686677,0.2078431397676468],[0.4156862795352936,0.3490196168422699,0.2705882489681244]],"scale":0.8,"cframe":[33.79999923706055,0.16601599752902986,-3.799804925918579,1,0,0,0,1,0,0,0,1],"id":"barrel"},"f-1665":{"colors":[[0.5803921818733215,0.8392156958580017,0.9333333373069763],[0.5803921818733215,0.8392156958580017,0.9333333373069763]],"scale":1,"cframe":[-0.2685549855232239,0.6999509930610657,-21.600000381469728,0,1,-0,-1,0,0,0,0,1],"id":"donutrug"},"f-1560":{"colors":[[0.5215686559677124,0.8156862854957581,0.9215686321258545]],"scale":0.26,"cframe":[8.301825523376465,11.136805534362793,-32.14364242553711,-0.7063124179840088,0.0004971027374267578,-0.7079004049301148,-0.7079005241394043,-0.00024259090423583984,0.7063122987747192,0.00017949938774108887,1,0.0005229711532592773],"id":"medium_disk"},"f-1099":{"colors":[[0.8470588326454163,0.729411780834198,0.9411764740943909]],"scale":0.25,"cframe":[23.78857421875,9.937260627746582,-22.89155387878418,-0.000051021575927734378,-0.9999973773956299,0.002287551760673523,-0.8675521612167358,0.0011819005012512208,0.49734485149383547,-0.49734628200531008,-0.0019592195749282839,-0.8675498962402344],"id":"brick"},"f-842":{"colors":[[0.7490196228027344,0.6235294342041016,0.8509804010391235]],"scale":0.33,"cframe":[23.89984703063965,7.01243782043457,-20.826629638671876,-0.00006580352783203125,-1.0000001192092896,-0.00008080899715423584,-0.8660085797309876,0.00009733438491821289,-0.5000292658805847,0.5000292658805847,0.00003707408905029297,-0.8660085201263428],"id":"brick"},"f-880":{"colors":[[0.3843137323856354,0.4901960790157318,0.40784314274787905]],"scale":0.49,"cframe":[36.5478515625,-0.17163099348545075,-1.4284850358963013,1,0,0,0,1,0,0,0,1],"id":"floor_double_wood"},"f-1860":{"colors":[[0.8117647171020508,0.9372549057006836,0.9607843160629273]],"scale":0.12,"cframe":[20,0.5034180283546448,-20.700000762939454,1,0,0,0,1,0,0,0,1],"id":"sphere_v3_glass"},"f-1372":{"colors":[[0,0,0]],"scale":0.57,"cframe":[13.944902420043946,0.19238300621509553,-9.56298828125,1,0,0,0,1,0,0,0,1],"id":"ropes_verticalrope_v2"},"f-1644":{"colors":[[0.9333333373069763,0.8588235378265381,0.6941176652908325]],"scale":0.51,"cframe":[12.5407075881958,0.24511699378490449,-2.887821912765503,-0.6886848211288452,0,-0.7250609993934631,0,1,0,0.7250609993934631,0,-0.6886848211288452],"id":"mound"},"f-838":{"colors":[[0.4470588266849518,0.7450980544090271,0.8509804010391235]],"scale":0.7,"cframe":[41.30708694458008,7.551976203918457,-13.128684997558594,-0.9973357915878296,-0.06922237575054169,-0.023032739758491517,0.05726289749145508,-0.5471735000610352,-0.8350585699081421,0.04520183056592941,-0.834152340888977,0.5496789216995239],"id":"brick"},"f-817":{"colors":[[0.4470588266849518,0.7450980544090271,0.8509804010391235]],"scale":0.7,"cframe":[41.2757568359375,5.836559772491455,-11.705418586730957,-0.9973305463790894,-0.07281925529241562,-0.005393434315919876,0.05718361958861351,-0.7329802513122559,-0.6778421401977539,0.04540667682886124,-0.6763410568237305,0.7351876497268677],"id":"brick"},"f-1140":{"colors":[[0.6509804129600525,0.7333333492279053,0.7843137383460999]],"scale":0.49,"cframe":[21.680686950683595,7.0107421875,-11.899998664855957,0,0,1,0,1,-0,-1,0,0],"id":"ropes_horizontalrope_v3"},"f-983":{"colors":[[0.8117647171020508,0.9372549057006836,0.9607843160629273]],"scale":0.08,"cframe":[18,0.5231930017471314,-24.600000381469728,1,0,0,0,1,0,0,0,1],"id":"sphere_v3_glass"},"f-1533":{"colors":[[0,0,0]],"scale":0.31,"cframe":[11.260986328125,0.3044019937515259,-14.97998046875,1,0,0,0,1,0,0,0,1],"id":"medium_disk"},"f-1769":{"colors":[[1,1,1]],"scale":0.1,"cframe":[14.6357421875,0.8202710151672363,-13.9345703125,1,0,0,0,1,0,0,0,1],"id":"medium_disk"},"f-1701":{"colors":[[0.7490196228027344,0.6235294342041016,0.8509804010391235]],"scale":0.28,"cframe":[23.822948455810548,7.195507049560547,-23.03971290588379,0.000014424324035644532,-1,0.000005990266799926758,-0.7071537971496582,-0.000014424324035644532,-0.7070598602294922,0.7070598602294922,0.000005990266799926758,-0.7071537971496582],"id":"medium_disk"},"f-1820":{"colors":[[0.9647058844566345,0.7921568751335144,0.8156862854957581]],"scale":0.24,"cframe":[22,0.44335898756980898,-24.000097274780275,-1,0,0,0,1,0,0,0,-1],"id":"bevelled_block_plain"},"f-1242":{"colors":[[0.8705882430076599,0.7647058963775635,0.9333333373069763],[0.729411780834198,0.9215686321258545,0.5568627715110779],[0.800000011920929,0.615686297416687,0.4901960790157318],[0.7686274647712708,0.6235294342041016,0.8509804010391235]],"scale":1,"cframe":[4.600098133087158,0.4833979904651642,-10.5,-0.7071342468261719,0,0.707079291343689,0,1,0,-0.707079291343689,0,-0.7071342468261719],"id":"ailments_refresh_2024_cheap_food_bowl"},"f-771":{"colors":[[0.8470588326454163,0.729411780834198,0.9411764740943909]],"scale":0.25,"cframe":[23.78857421875,9.792390823364258,-22.871488571166993,-0.00013136863708496094,-0.9999999403953552,-0.0002765655517578125,-0.5025603175163269,-0.00017309188842773438,0.8645421266555786,-0.8645421266555786,0.0002525448799133301,-0.5025603771209717],"id":"brick"},"f-1389":{"colors":[[0.7490196228027344,0.6235294342041016,0.8509804010391235]],"scale":0.34,"cframe":[40.938846588134769,8.054098129272461,-4.4528279304504398,0.00008404254913330078,-1,0.00002104043960571289,-0.8820840120315552,-0.00008404254913330078,-0.4710921347141266,0.4710921347141266,0.00002104043960571289,-0.8820840120315552],"id":"brick"},"f-879":{"colors":[[0.5529412031173706,0.49803921580314639,0.3921568691730499]],"scale":0.35,"cframe":[22.551467895507814,-0.07299800217151642,-7.664062976837158,0,0,1,0,1,-0,-1,0,0],"id":"wall_tall_plain"},"f-1504":{"colors":[[0.5215686559677124,0.8156862854957581,0.9215686321258545]],"scale":0.34,"cframe":[40.934940338134769,8.48636531829834,-4.4944891929626469,0.0002561211585998535,-0.9999999403953552,0.00018437206745147705,-0.8671750426292419,-0.0001302957534790039,0.49800342321395876,-0.49800336360931399,-0.0002874135971069336,-0.8671751022338867],"id":"brick"},"f-1316":{"colors":[[0.8470588326454163,0.729411780834198,0.9411764740943909]],"scale":0.29,"cframe":[23.841796875,10,-23.60009765625,0.000027954578399658204,-1,0.000009924173355102539,0.7754113674163818,0.000027954578399658204,0.6314563751220703,-0.6314563751220703,-0.000009924173355102539,0.7754113674163818],"id":"brick"},"f-1475":{"colors":[[0.7803921699523926,0.8901960849761963,0.929411768913269]],"scale":0.15,"cframe":[10.400390625,12.522216796875,-10.199999809265137,0.8659179210662842,0,0.5001862049102783,0,-1.000000238418579,0,0.5001862049102783,0,-0.8659180402755737],"id":"mound"},"f-1096":{"colors":[[0.8313725590705872,0.7960784435272217,0.47058823704719546]],"scale":0.44,"cframe":[8.125,13.009236335754395,-14.02495002746582,0,0,1,0,-1,0,1,0,-0],"id":"medium_disk"},"f-773":{"colors":[[0.5843137502670288,0.16862745583057404,0.13725490868091584]],"scale":0.09,"cframe":[32.16600036621094,4.227798938751221,-1.281738042831421,1,0,0,0,1,0,0,0,1],"id":"beam_v1_plain"},"f-1493":{"colors":[[0.729411780834198,0.9215686321258545,0.5568627715110779]],"scale":0.24,"cframe":[2.055176019668579,0.6231250166893005,-16.830078125,1,0,0,0,1,0,0,0,1],"id":"bevelled_block_plain"},"f-1171":{"colors":[[0.7490196228027344,0.6235294342041016,0.8509804010391235]],"scale":0.38,"cframe":[41.01551055908203,8.525510787963868,-4.533123970031738,0.00031113624572753906,-0.9999999403953552,0.00023281574249267578,-0.8670176863670349,-0.0001537799835205078,0.49827730655670168,-0.4982772469520569,-0.0003568679094314575,-0.8670177459716797],"id":"brick"},"f-712":{"colors":[[0.5215686559677124,0.8156862854957581,0.9215686321258545]],"scale":0.3,"cframe":[40.864139556884769,7.862000942230225,-3.9327359199523927,0.00022095441818237305,-1,0.0001590251922607422,-0.5591188073158264,0.000008225440979003907,0.8290876150131226,-0.8290876150131226,-0.0002721250057220459,-0.5591187477111816],"id":"brick"},"f-1489":{"colors":[[0.6745098233222961,0.8627451062202454,0.5058823823928833]],"scale":0.08,"cframe":[1.6360620260238648,3.7211129665374758,-14.380703926086426,-0.967456579208374,-0.06972553580999375,-0.24324101209640504,-0.06794539839029312,0.9975653290748596,-0.015710964798927308,0.24374425411224366,0.0013274331577122212,-0.9698386192321777],"id":"floor_double_plain"},"f-1730":{"colors":[[0.5960784554481506,0.6470588445663452,0.40784314274787905]],"scale":0.08,"cframe":[11.5,0.5234379768371582,-26.700000762939454,1,0,0,0,1,0,0,0,1],"id":"plainmound_v3"},"f-1488":{"colors":[[0.5803921818733215,0.8392156958580017,0.9333333373069763]],"scale":1,"cframe":[41.406166076660159,6.590087890625,-4.880023002624512,0,-1,0,0,0,1,-1,0,0],"id":"basicrug"},"f-1818":{"colors":[[1,1,1]],"scale":0.21,"cframe":[13.833984375,0.558309018611908,-11.50390625,1,-0,0,0,0.9702872633934021,0.24195581674575807,-0,-0.24195581674575807,0.9702872633934021],"id":"brick"},"f-1105":{"colors":[[0.5843137502670288,0.16862745583057404,0.13725490868091584]],"scale":0.09,"cframe":[32.16600036621094,4.8717827796936039,-1.281738042831421,1,0,0,0,1,0,0,0,1],"id":"beam_v1_plain"},"f-1300":{"colors":[[0.5843137502670288,0.16862745583057404,0.13725490868091584]],"scale":0.16,"cframe":[35.11600112915039,3.249511957168579,-2.4229369163513185,1,0,-0,0,0,1,0,-1,0],"id":"beam_v3_plain"},"f-1109":{"colors":[[0.9058823585510254,0.9450980424880981,0.9764705896377564]],"scale":1.49,"cframe":[24.25534439086914,12.638846397399903,-0.39208999276161196,0,1,0,1,0,0,0,0,-1],"id":"beam_v1_plain"},"f-865":{"colors":[[0.9019607901573181,0.658823549747467,0.6941176652908325]],"scale":0.38,"cframe":[40.96217346191406,10.532676696777344,-8.60653018951416,0.00017642974853515625,-1,0.00011116266250610352,0.5243556499481201,-0.0000021457672119140627,-0.8514993190765381,0.8514993190765381,0.0002085268497467041,0.5243556499481201],"id":"brick"},"f-886":{"colors":[[0.8313725590705872,0.7960784435272217,0.47058823704719546]],"scale":0.21,"cframe":[17.227859497070314,12.56591796875,-19.131999969482423,0,0,1,0,-1,0,1,0,-0],"id":"medium_disk"},"f-864":{"colors":[[0.7686274647712708,0.6235294342041016,0.8509804010391235]],"scale":0.12,"cframe":[9.285703659057618,2.5368740558624269,-9.516366958618164,-0.8660085201263428,0.00008080899715423584,0.5000292658805847,-0.5000292658805847,-0.00006580352783203125,-0.8660085797309876,-0.00003707408905029297,-1.0000001192092896,0.00009733438491821289],"id":"medium_disk"},"f-1742":{"colors":[[0.4470588266849518,0.7450980544090271,0.8509804010391235]],"scale":0.7,"cframe":[41.214813232421878,7.334417819976807,-6.412590026855469,-0.9973357915878296,-0.06922237575054169,-0.023032739758491517,0.05726289749145508,-0.5471735000610352,-0.8350585699081421,0.04520183056592941,-0.834152340888977,0.5496789216995239],"id":"brick"},"f-1478":{"colors":[[0.4901960790157318,0.7764706015586853,0.43921568989753725]],"scale":0.38,"cframe":[7.456789016723633,9.798724174499512,-32.37605285644531,-0.9947361946105957,0.000045765191316604617,0.102471262216568,0.1024712473154068,-0.0002989768981933594,0.9947360754013062,0.00007615238428115845,1.0000001192092896,0.0002924799919128418],"id":"brick"},"f-1806":{"colors":[[0,0,0]],"scale":0.31,"cframe":[11.463134765625,0.3044019937515259,-11.31884765625,1,0,0,0,1,0,0,0,1],"id":"medium_disk"},"f-1477":{"colors":[[0.5215686559677124,0.8156862854957581,0.9215686321258545]],"scale":0.29,"cframe":[19.4414005279541,10.741079330444336,-5.889787197113037,-0.9665100574493408,0.0005776435136795044,0.2566283345222473,-0.25662899017333987,-0.002539515495300293,-0.9665066599845886,0.0000934302806854248,-0.9999966025352478,0.002602696418762207],"id":"brick"},"f-870":{"colors":[[0.9019607901573181,0.658823549747467,0.6941176652908325]],"scale":0.34,"cframe":[9.242630958557129,11.412384033203125,-5.9236979484558109,0.5006712079048157,0.0002441704273223877,-0.8656375408172607,0.8656375408172607,-0.00017893314361572266,0.5006712079048157,-0.00003263354301452637,-0.9999999403953552,-0.0003008842468261719],"id":"medium_disk"},"f-1461":{"colors":[[0.5215686559677124,0.8156862854957581,0.9215686321258545]],"scale":0.34,"cframe":[3.6820108890533449,10.016121864318848,-5.829833984375,0.8089510202407837,0.00016939640045166016,-0.5878760814666748,0.5878760814666748,0.0000711679458618164,0.8089510202407837,0.00017887353897094727,-1,-0.000041961669921875],"id":"brick"},"f-1169":{"colors":[[0.7568627595901489,0.0941176488995552,0.0941176488995552]],"scale":0.09,"cframe":[12.72899055480957,0.5896949768066406,-6.834262847900391,-0.000048041343688964847,0.000046372413635253909,1,-0.9993932843208313,-0.03482961654663086,-0.000046372413635253909,0.03482970595359802,-0.9993932843208313,0.000048041343688964847],"id":"brick"},"f-1522":{"colors":[[0.8313725590705872,0.7960784435272217,0.47058823704719546]],"scale":0.25,"cframe":[7.598227024078369,12.69287109375,-17.843944549560548,0,0,1,0,-1,0,1,0,-0],"id":"medium_disk"},"f-1045":{"colors":[[0.9019607901573181,0.658823549747467,0.6941176652908325]],"scale":0.3,"cframe":[1.489258050918579,0.27107399702072146,-14.2001953125,1,0,0,0,1,0,0,0,1],"id":"bevelled_block_plain"},"f-1174":{"colors":[[0.9019607901573181,0.658823549747467,0.6941176652908325]],"scale":0.32,"cframe":[19.510234832763673,8.621787071228028,-32.26171112060547,-0.8668601512908936,0.0005992501974105835,0.4985511302947998,0.4985511302947998,-0.00012171268463134766,0.8668603301048279,0.0005801618099212647,0.9999998211860657,-0.0001932382583618164],"id":"medium_disk"},"f-1305":{"colors":[[0.5215686559677124,0.8156862854957581,0.9215686321258545]],"scale":0.29,"cframe":[3.1982040405273439,10.138177871704102,-5.863524913787842,0.10213625431060791,-0.00014317035675048828,0.9947704672813416,-0.9947704672813416,-0.00015866756439208984,0.10213625431060791,0.00014317035675048828,-1,-0.00015866756439208984],"id":"brick"},"f-1571":{"colors":[[0.572549045085907,0.4745098054409027,0.3529411852359772]],"scale":0.32,"cframe":[1.581380009651184,3.3392770290374758,-14.379884719848633,0.019437015056610109,-0,-0.9998111128807068,0,1,-0,0.9998111128807068,0,0.019437015056610109],"id":"torus_v3_plain"},"f-1115":{"colors":[[0.501960813999176,0.501960813999176,0.501960813999176]],"scale":0.4,"cframe":[18.058120727539064,0.37167099118232729,-29.57943344116211,0.8596116304397583,-0.06640100479125977,-0.5066150426864624,0.04010700434446335,0.9972292184829712,-0.06265226006507874,0.5093715190887451,0.03353779390454292,0.8598929643630981],"id":"brick"},"f-797":{"colors":[[0.7490196228027344,0.6235294342041016,0.8509804010391235]],"scale":0.27,"cframe":[13.519914627075196,6.6852288246154789,-32.15461730957031,0.9126914143562317,-0.00017